% -------------------------------------------------------------------
%  Generated by MATLAB on 4-Nov-2017 20:36:16
%  MATLAB version: 8.3.0.532 (R2014a)
% -------------------------------------------------------------------
                                                 

student = struct;
student.number = '201500324';
student.name = '张三';
student.course = cell(1, 4);
student.course{1} = '数学';
student.course{2} = '英语';
student.course{3} = '语文';
student.course{4} = '思修';
student.score = [70 80 75 90];

